20200101
20200106
20200111
20200116
20200121
20200126
20200131
20200205
20200210
20200215
20200220
20200225
20200301
20200306
20200311
20200316
20200321
20200326
20200331
20200405
20200410
20200415
20200420
20200425
20200430
20200505
20200510
20200515
20200520
20200525
20200530
20200604
20200609
20200614
20200619
20200624
20200629
20200704
20200709
20200714
20200719
20200724
20200729
20200803
20200808
20200813
20200818
20200823
20200828
20200902
20200907
20200912
20200917
20200922
20200927
20201002
20201007
20201012
20201017
20201022
20201027
20201101
20201106
20201111
20201116
20201121
20201126
20201201
20201206
20201211
20201216
20201221
20201226
20201231